name,size_window,cores,time
500x500x4,5,12,13214953448
500x500x4,5,12,12922295303
500x500x4,5,12,12978441048
500x500x4,5,12,12744622382
500x500x4,5,12,12509095852
500x500x4,5,12,13105324878
500x500x4,5,12,12910024149
500x500x4,5,12,13002785552
500x500x4,5,12,12501137503
500x500x4,5,12,12241568122
500x500x4,11,12,13922167348
500x500x4,11,12,14569178381
500x500x4,11,12,14211366548
500x500x4,11,12,13824039665
500x500x4,11,12,13806792370
500x500x4,11,12,14134099185
500x500x4,11,12,14033381218
500x500x4,11,12,14181862985
500x500x4,11,12,13868239748
500x500x4,11,12,13755539136
500x500x4,21,12,16724724896
500x500x4,21,12,16865432943
500x500x4,21,12,16837802296
500x500x4,21,12,16858747643
500x500x4,21,12,16601136475
500x500x4,21,12,16604225737
500x500x4,21,12,16310753416
500x500x4,21,12,16751596655
500x500x4,21,12,16869553136
500x500x4,21,12,16385100280
1000x1000x4,5,12,38278239463
1000x1000x4,5,12,37903904562
1000x1000x4,5,12,38280302001
1000x1000x4,5,12,38306710506
1000x1000x4,5,12,37786258702
1000x1000x4,5,12,38897003037
1000x1000x4,5,12,37900059495
1000x1000x4,5,12,38107906157
1000x1000x4,5,12,38669069137
1000x1000x4,5,12,37476884287
1000x1000x4,11,12,41294637821
1000x1000x4,11,12,41290052459
1000x1000x4,11,12,41022174866
1000x1000x4,11,12,41898128258
1000x1000x4,11,12,42132943099
1000x1000x4,11,12,42645706818
1000x1000x4,11,12,42873161433
1000x1000x4,11,12,40941153716
1000x1000x4,11,12,42010928633
1000x1000x4,11,12,41958608856
1000x1000x4,21,12,54734106453
1000x1000x4,21,12,55382618392
1000x1000x4,21,12,55310034916
1000x1000x4,21,12,55412300687
1000x1000x4,21,12,54772974409
1000x1000x4,21,12,55571308196
1000x1000x4,21,12,56619010101
1000x1000x4,21,12,57496176194
1000x1000x4,21,12,56506140546
1000x1000x4,21,12,56237010312
500x500x17,5,12,51327816165
500x500x17,5,12,51554715371
500x500x17,5,12,51046925467
500x500x17,5,12,51135341778
500x500x17,5,12,51232027576
500x500x17,5,12,52238234680
500x500x17,5,12,51799709890
500x500x17,5,12,51841435460
500x500x17,5,12,50962528346
500x500x17,5,12,50796139973
500x1000x4,5,12,21322867752
500x1000x4,5,12,20723313095
500x1000x4,5,12,21575142656
500x1000x4,5,12,21535552250
500x1000x4,5,12,21412739714
500x1000x4,5,12,21114350048
500x1000x4,5,12,21082280653
500x1000x4,5,12,21160226729
500x1000x4,5,12,21198332954
500x1000x4,5,12,21580452056
500x1000x4,11,12,23229284694
500x1000x4,11,12,23368355656
500x1000x4,11,12,23217091795
500x1000x4,11,12,23529218006
500x1000x4,11,12,23503472477
500x1000x4,11,12,23216745585
500x1000x4,11,12,23641609952
500x1000x4,11,12,23325796197
500x1000x4,11,12,22746820120
500x1000x4,11,12,23169364700
500x1000x4,21,12,29823974855
500x1000x4,21,12,29362377574
500x1000x4,21,12,30019521104
500x1000x4,21,12,29425978140
500x1000x4,21,12,29535359090
500x1000x4,21,12,30104440453
500x1000x4,21,12,29211033012
500x1000x4,21,12,29368174722
500x1000x4,21,12,28868003460
500x1000x4,21,12,29355022157
500x1000x17,5,12,85747557995
500x1000x17,5,12,86824418928
500x1000x17,5,12,88222447910
500x1000x17,5,12,87203109629
500x1000x17,5,12,85258218039
500x1000x17,5,12,89185163326
500x1000x17,5,12,88196919394
500x1000x17,5,12,86317173384
500x1000x17,5,12,85901686920
500x1000x17,5,12,87079931888
500x1000x17,11,12,95954532384
500x1000x17,11,12,96179850455
500x1000x17,11,12,95236358233
500x1000x17,11,12,94080621829
500x1000x17,11,12,95502133927
500x1000x17,11,12,94172574470
500x1000x17,11,12,94571951363
500x1000x17,11,12,94801019654
500x1000x17,11,12,94869429359
500x1000x17,11,12,96770428940
500x1000x17,21,12,123529112199
500x1000x17,21,12,123699225567
500x1000x17,21,12,122846965747
500x1000x17,21,12,123733821861
500x1000x17,21,12,123963814206
500x1000x17,21,12,123249144423
500x1000x17,21,12,122261659507
500x1000x17,21,12,122085951390
500x1000x17,21,12,124720562362
500x1000x17,21,12,122194395366